
--- DATA
drone-height=1.5

--- VARS
+=drone
*=target
0=wall
1=tree

--- MAP
0000000000000000000000000000000000000
0                                   0
0                     1             0
0     1                             0
0                        1          0
0                                   0
0                                   0
0                *                  0
0                                   0
0                                   0
0                                   0
0             0000000               0
0                                   0
0                                   0
0                                   0
0                                   0
0                +                  0
0                                   0
0                                   0
0                                   0
0                                   0
0                                   0
0                                   0
0                                   0
0000000000000000000000000000000000000
