--- DATA
drone-height=1.5

--- VARS
+=drone
0=wall

--- MAP
000000000000000000000000
0                      0
0                      0
0                      0
0                      0
0                      0
0                      0
0                      0
0                      0
0        0             0
0        0             0
0        0             0
0        0             0
0        0             0
0        0             0
0        0             0
0        0             0
0                      0
0           +          0
0                      0
0                      0
0                      0
0                      0
000000000000000000000000
